0 0.758854 0.908796 0.242708 0.182407
0 0.556771 0.702315 0.092708 0.210185
0 0.782031 0.475463 0.060937 0.073148
0 0.354167 0.746759 0.061458 0.060185
0 0.514844 0.830093 0.051562 0.045370
0 0.653906 0.774537 0.096354 0.076852
0 0.742708 0.756019 0.044792 0.050926
0 0.362760 0.404167 0.108854 0.141667
0 0.044531 0.101852 0.042188 0.029630
0 0.368229 0.214815 0.043750 0.066667
0 0.300781 0.157407 0.053646 0.037037
0 0.251302 0.229630 0.049479 0.048148
0 0.191927 0.201852 0.045312 0.033333
0 0.212500 0.158333 0.052083 0.044444
0 0.122135 0.145370 0.044271 0.053704
0 0.295573 0.554630 0.034896 0.040741
0 0.083333 0.610648 0.040625 0.032407
0 0.081771 0.367130 0.039583 0.047222
0 0.445573 0.658796 0.056771 0.037963
0 0.500781 0.475463 0.050521 0.025000
0 0.442448 0.571296 0.026562 0.050000
0 0.496094 0.593519 0.032813 0.066667
0 0.335677 0.693519 0.018229 0.014815