0 0.231771 0.081944 0.462500 0.162037
0 0.014583 0.311111 0.016667 0.018519
0 0.124219 0.360185 0.013021 0.022222
0 0.121094 0.909722 0.138021 0.180556
0 0.013281 0.762500 0.021354 0.050926
0 0.011458 0.958333 0.020833 0.059259
0 0.487240 0.595833 0.100521 0.097222
0 0.395573 0.640741 0.099479 0.146296
0 0.390885 0.857870 0.372396 0.284259
0 0.789062 0.839352 0.421875 0.321296
0 0.707552 0.632870 0.209896 0.223148
0 0.899479 0.568981 0.195833 0.387963
0 0.927865 0.076852 0.041146 0.025926
0 0.617448 0.048148 0.021354 0.027778
0 0.482292 0.112963 0.025000 0.033333
0 0.481250 0.489815 0.056250 0.061111
0 0.097135 0.524537 0.014063 0.028704
0 0.012760 0.524537 0.024479 0.104630
0 0.009115 0.432407 0.008854 0.016667
0 0.783333 0.132870 0.064583 0.037963
0 0.678385 0.086574 0.040104 0.052778
0 0.721094 0.359722 0.011979 0.019444
0 0.634375 0.263426 0.017708 0.013889
0 0.345052 0.161111 0.055729 0.046296