0 0.683073 0.338889 0.068229 0.037037
0 0.697396 0.318981 0.030208 0.034259
0 0.746875 0.330556 0.026042 0.077778
0 0.671094 0.431944 0.023438 0.052778
0 0.675260 0.675926 0.050521 0.046296
0 0.894010 0.429630 0.050521 0.044444
0 0.888802 0.172685 0.032813 0.075000
0 0.848437 0.162037 0.021875 0.031481
0 0.919010 0.041667 0.094271 0.081481
0 0.374740 0.591204 0.044271 0.071296
0 0.516667 0.851852 0.042708 0.079630
0 0.408333 0.765278 0.023958 0.099074
0 0.390625 0.767593 0.031250 0.064815
0 0.704948 0.291204 0.036979 0.039815