0 0.341406 0.421296 0.056771 0.042593
0 0.552865 0.399074 0.044271 0.035185
0 0.501563 0.465278 0.031250 0.056481
0 0.535937 0.528241 0.042708 0.078704
0 0.463021 0.600926 0.043750 0.044444
0 0.434115 0.847685 0.039062 0.043519
0 0.720833 0.821759 0.056250 0.110185
0 0.863802 0.551852 0.050521 0.105556
0 0.920052 0.489352 0.067187 0.076852
0 0.763281 0.482870 0.067187 0.047222
0 0.707031 0.443981 0.025521 0.034259
0 0.769531 0.331944 0.079687 0.086111
0 0.869271 0.327778 0.063542 0.087037
0 0.648438 0.329167 0.142708 0.069444
0 0.647135 0.274074 0.040104 0.037037
0 0.696094 0.256019 0.044271 0.045370
0 0.216406 0.482407 0.029687 0.042593
0 0.213021 0.544907 0.042708 0.030556
0 0.023177 0.754167 0.039062 0.076852
0 0.727604 0.191667 0.045833 0.059259