0 0.027604 0.594907 0.052083 0.084259
0 0.047396 0.646296 0.029167 0.035185
0 0.034635 0.737500 0.044271 0.080556
0 0.101823 0.570833 0.049479 0.052778
0 0.196875 0.543981 0.070833 0.097222
0 0.115625 0.648148 0.031250 0.031481
0 0.252865 0.686111 0.055729 0.129630
0 0.186458 0.775926 0.040625 0.027778
0 0.178646 0.860648 0.039583 0.034259
0 0.377865 0.660648 0.209896 0.086111
0 0.567969 0.705093 0.164062 0.145370
0 0.540885 0.896296 0.073438 0.083333
0 0.401042 0.824074 0.026042 0.038889
0 0.340625 0.771759 0.011458 0.012037
0 0.393750 0.938426 0.046875 0.069444
0 0.289844 0.991204 0.034896 0.017593
0 0.412760 0.429630 0.061979 0.081481
0 0.483594 0.543519 0.113021 0.144444
0 0.598177 0.564352 0.166146 0.180556
0 0.684896 0.549074 0.191667 0.292593
0 0.780729 0.596759 0.033333 0.050926
0 0.811458 0.573611 0.055208 0.125000
0 0.745052 0.317593 0.244271 0.196296
0 0.747135 0.191204 0.023438 0.025000
0 0.904948 0.263889 0.185938 0.240741
0 0.978385 0.156019 0.043229 0.150926
0 0.924740 0.431481 0.117188 0.070370
0 0.810937 0.453241 0.083333 0.076852
0 0.084115 0.983333 0.043229 0.033333
0 0.086458 0.395370 0.000000 0.003704
0 0.233854 0.869907 0.037500 0.036111
0 0.426563 0.208796 0.011458 0.004630
0 0.704167 0.089352 0.020833 0.006481
0 0.082552 0.790278 0.039062 0.032407