0 0.267188 0.474074 0.133333 0.237037
0 0.159115 0.913426 0.152604 0.150926
0 0.413542 0.940741 0.077083 0.118519
0 0.441146 0.819907 0.032292 0.104630
0 0.440365 0.686574 0.050521 0.067593
0 0.532292 0.723611 0.045833 0.049074
0 0.574740 0.682407 0.025521 0.079630
0 0.600521 0.837500 0.059375 0.099074
0 0.763281 0.800926 0.059896 0.074074
0 0.871094 0.925463 0.082812 0.108333
0 0.971354 0.813889 0.057292 0.062963
0 0.934635 0.752778 0.030729 0.035185
0 0.477344 0.569444 0.143229 0.200000
0 0.362500 0.604630 0.093750 0.057407
0 0.316146 0.314352 0.029167 0.062037
0 0.282031 0.328241 0.025521 0.080556
0 0.179688 0.300463 0.026042 0.028704
0 0.160417 0.330093 0.020833 0.037963
0 0.207031 0.247685 0.046354 0.032407