0 0.088021 0.862037 0.085417 0.166667
0 0.452604 0.512963 0.090625 0.101852
0 0.593490 0.273611 0.079687 0.125000
0 0.763281 0.222222 0.119271 0.087037
0 0.800000 0.299074 0.073958 0.090741
0 0.833333 0.498611 0.054167 0.086111
0 0.879687 0.553704 0.061458 0.109259
0 0.932813 0.583796 0.058333 0.117593
0 0.712760 0.638889 0.077604 0.133333
0 0.584896 0.548611 0.089583 0.156481
0 0.567448 0.391204 0.055729 0.065741
0 0.526042 0.642130 0.060417 0.119444
0 0.493750 0.642593 0.046875 0.100000
0 0.583333 0.324074 0.058333 0.042593
0 0.578646 0.604630 0.062500 0.044444