0 0.502865 0.085648 0.049479 0.095370
0 0.575781 0.126389 0.048438 0.082407
0 0.689063 0.148611 0.033333 0.106481
0 0.302865 0.175000 0.068229 0.083333
0 0.349740 0.349074 0.032813 0.077778
0 0.523177 0.333333 0.042188 0.105556
0 0.688542 0.428704 0.071875 0.103704
0 0.741406 0.485185 0.068229 0.079630
0 0.952865 0.745370 0.094271 0.251852
0 0.583333 0.533333 0.060417 0.062963
0 0.619271 0.593981 0.065625 0.073148
0 0.676042 0.758796 0.063542 0.095370
0 0.708333 0.814815 0.071875 0.105556
0 0.725000 0.965741 0.082292 0.068519
0 0.279427 0.565741 0.071354 0.077778